<?xml version="1.0"?>
<opencv_storage>
<Color1_B type_id="opencv-matrix">
  <rows>256</rows>
  <cols>1</cols>
  <dt>f</dt>
  <data>
    141. 13. 12. 23. 28. 21. 31. 37. 29. 42. 39. 52. 43. 57. 71. 87. 91.
    81. 110. 116. 137. 146. 177. 190. 253. 309. 397. 447. 541. 689. 842.
    984. 998. 1116. 1050. 1102. 1159. 1168. 1210. 1250. 1234. 1217.
    1221. 1233. 1177. 1147. 1067. 1040. 1106. 1198. 1211. 1229. 1213.
    1332. 1329. 1209. 1207. 1190. 1113. 1156. 1199. 1211. 1157. 1123.
    1042. 1067. 1041. 1043. 1130. 1229. 1328. 1562. 1811. 1995. 2105.
    2033. 1900. 1705. 1654. 1561. 1424. 1228. 1064. 904. 838. 686. 627.
    516. 515. 432. 402. 351. 359. 321. 319. 253. 278. 265. 249. 205.
    208. 182. 185. 175. 174. 167. 175. 167. 173. 166. 149. 171. 156.
    138. 128. 165. 165. 165. 135. 143. 162. 150. 140. 159. 167. 178.
    168. 163. 172. 161. 182. 147. 173. 175. 199. 162. 190. 159. 168.
    187. 157. 147. 165. 151. 144. 167. 161. 182. 141. 190. 169. 162.
    160. 162. 149. 148. 121. 90. 94. 89. 86. 79. 88. 69. 74. 55. 42. 46.
    34. 29. 26. 25. 29. 29. 29. 20. 15. 27. 20. 18. 18. 10. 19. 12. 17.
    9. 13. 6. 9. 12. 10. 14. 8. 12. 6. 3. 8. 8. 5. 8. 5. 4. 5. 6. 2. 4.
    7. 4. 4. 2. 4. 5. 2. 5. 4. 2. 3. 3. 3. 3. 2. 1. 1. 2. 3. 1. 2. 1. 1.
    2. 1. 0. 1. 1. 1. 1. 2. 0. 2. 0. 0. 0. 0. 0. 1. 0. 0. 0. 1. 0. 0. 0.
    0. 0. 0. 1.</data></Color1_B>
<Color2_B type_id="opencv-matrix">
  <rows>256</rows>
  <cols>1</cols>
  <dt>f</dt>
  <data>
    1. 1. 2. 0. 1. 2. 5. 4. 3. 4. 13. 16. 29. 39. 39. 66. 73. 77. 94.
    108. 148. 133. 155. 206. 274. 294. 342. 331. 323. 355. 364. 336.
    402. 455. 538. 552. 542. 550. 625. 655. 671. 663. 708. 723. 733.
    692. 674. 718. 777. 819. 833. 884. 894. 890. 998. 1108. 1240. 1343.
    1480. 1593. 1776. 1778. 1826. 1793. 1922. 1971. 2022. 2147. 2131.
    2057. 1861. 1861. 1719. 1767. 1721. 1573. 1312. 1053. 845. 695. 594.
    534. 493. 408. 414. 367. 331. 301. 310. 280. 284. 290. 285. 264.
    239. 278. 262. 223. 267. 231. 227. 228. 215. 237. 244. 237. 209.
    244. 241. 249. 255. 252. 227. 236. 245. 249. 239. 235. 241. 210.
    209. 233. 222. 195. 244. 220. 199. 179. 178. 171. 167. 158. 171.
    152. 157. 163. 165. 158. 183. 166. 157. 170. 171. 166. 196. 190.
    192. 177. 167. 163. 173. 173. 173. 183. 153. 156. 177. 176. 188.
    180. 206. 202. 202. 192. 225. 256. 250. 281. 282. 286. 252. 229.
    228. 236. 269. 237. 261. 231. 226. 252. 289. 271. 270. 286. 319.
    283. 306. 303. 306. 350. 322. 336. 356. 329. 334. 324. 323. 283.
    294. 245. 237. 200. 175. 145. 122. 118. 108. 84. 87. 79. 64. 64. 33.
    17. 19. 29. 26. 24. 13. 18. 11. 18. 15. 18. 16. 23. 26. 31. 24. 30.
    44. 54. 61. 110. 349. 2977. 7625. 15813. 11586. 11832. 12036. 11054.
    14356. 6798. 624. 225. 76. 49. 16. 18. 6. 6. 0. 2. 2. 1.</data></Color2_B>
<Color1_G type_id="opencv-matrix">
  <rows>256</rows>
  <cols>1</cols>
  <dt>f</dt>
  <data>
    102. 16. 14. 19. 14. 13. 19. 31. 43. 29. 42. 41. 43. 61. 47. 71. 70.
    87. 110. 108. 148. 150. 173. 181. 229. 293. 342. 413. 566. 727. 828.
    995. 1048. 1071. 1012. 1045. 1004. 928. 991. 925. 893. 760. 663.
    575. 593. 574. 547. 585. 680. 620. 739. 757. 825. 840. 873. 835.
    834. 809. 812. 713. 639. 595. 590. 579. 584. 665. 683. 652. 663.
    664. 716. 697. 706. 718. 745. 753. 718. 768. 722. 714. 720. 719.
    790. 819. 874. 989. 1022. 1158. 1172. 1248. 1233. 1250. 1236. 1212.
    1197. 1194. 1131. 1141. 1230. 1261. 1307. 1337. 1350. 1256. 1138.
    981. 858. 691. 665. 581. 529. 494. 502. 477. 445. 425. 416. 391.
    360. 378. 316. 296. 288. 250. 233. 217. 193. 203. 152. 151. 145.
    156. 140. 151. 151. 149. 123. 132. 118. 148. 138. 141. 141. 173.
    161. 167. 201. 176. 183. 201. 191. 154. 173. 179. 147. 160. 166.
    152. 169. 163. 155. 154. 159. 179. 179. 168. 156. 150. 160. 178.
    160. 191. 207. 188. 201. 197. 159. 177. 139. 131. 140. 114. 125. 86.
    70. 80. 51. 49. 39. 40. 34. 26. 24. 26. 17. 27. 27. 20. 13. 13. 23.
    16. 8. 13. 9. 13. 15. 8. 8. 11. 6. 5. 4. 6. 10. 6. 6. 1. 3. 1. 5. 1.
    4. 2. 3. 4. 2. 2. 2. 0. 1. 2. 2. 1. 4. 0. 1. 1. 1. 2. 0. 0. 0. 0. 0.
    1. 1. 2. 1. 0. 1. 0. 0. 0. 0. 1.</data></Color1_G>
<Color2_G type_id="opencv-matrix">
  <rows>256</rows>
  <cols>1</cols>
  <dt>f</dt>
  <data>
    0. 0. 0. 0. 0. 0. 0. 0. 0. 0. 1. 1. 2. 1. 7. 10. 13. 16. 23. 35. 33.
    32. 43. 51. 45. 74. 77. 71. 98. 90. 99. 113. 130. 133. 165. 157.
    197. 292. 345. 364. 348. 306. 360. 345. 327. 359. 416. 441. 490.
    531. 510. 470. 512. 517. 513. 514. 487. 541. 510. 506. 513. 533.
    525. 571. 595. 557. 599. 617. 561. 578. 611. 611. 642. 702. 759.
    746. 773. 831. 850. 994. 1023. 1108. 1142. 1224. 1287. 1281. 1413.
    1372. 1452. 1435. 1432. 1488. 1581. 1586. 1684. 1703. 1697. 1631.
    1587. 1498. 1502. 1531. 1492. 1336. 1062. 923. 696. 539. 506. 462.
    464. 448. 362. 343. 331. 264. 265. 262. 227. 277. 237. 222. 222.
    224. 253. 248. 211. 209. 222. 240. 260. 238. 252. 256. 233. 230.
    212. 193. 192. 175. 185. 198. 219. 184. 207. 245. 250. 227. 229.
    258. 191. 200. 219. 200. 188. 162. 187. 146. 177. 154. 165. 193.
    172. 197. 194. 198. 222. 220. 219. 206. 233. 242. 208. 224. 256.
    253. 273. 251. 253. 293. 312. 375. 370. 393. 416. 465. 516. 514.
    512. 502. 507. 490. 473. 501. 513. 482. 438. 429. 414. 373. 340.
    284. 302. 252. 234. 198. 194. 168. 134. 124. 115. 77. 61. 47. 34.
    24. 16. 15. 17. 14. 15. 12. 13. 9. 14. 9. 20. 9. 17. 25. 22. 33. 35.
    49. 58. 76. 111. 389. 3882. 11785. 19876. 13538. 14689. 20288. 9410.
    976. 225. 146. 85. 68. 47. 24. 24. 17. 11. 16.</data></Color2_G>
<Color1_R type_id="opencv-matrix">
  <rows>256</rows>
  <cols>1</cols>
  <dt>f</dt>
  <data>
    14. 2. 0. 2. 1. 4. 3. 4. 9. 6. 6. 12. 11. 8. 12. 4. 11. 13. 17. 19.
    21. 23. 22. 21. 26. 28. 32. 36. 40. 47. 62. 67. 77. 98. 105. 109.
    137. 165. 183. 223. 239. 277. 322. 357. 361. 408. 434. 542. 550.
    613. 676. 690. 684. 606. 534. 526. 465. 463. 386. 436. 416. 418.
    347. 367. 406. 367. 346. 325. 312. 325. 327. 280. 276. 269. 323.
    313. 307. 281. 260. 319. 270. 263. 265. 279. 283. 288. 278. 258.
    273. 268. 261. 252. 279. 252. 246. 282. 260. 258. 290. 286. 303.
    319. 287. 301. 330. 322. 359. 405. 395. 418. 452. 468. 510. 506.
    537. 495. 515. 577. 529. 536. 560. 499. 463. 440. 451. 499. 503.
    505. 568. 518. 568. 641. 649. 626. 684. 717. 691. 751. 722. 704.
    598. 626. 648. 586. 631. 591. 582. 624. 579. 651. 614. 614. 593.
    651. 622. 624. 625. 653. 675. 679. 671. 633. 682. 674. 679. 662.
    660. 661. 698. 698. 663. 709. 738. 720. 713. 786. 790. 782. 737.
    815. 724. 790. 708. 685. 653. 629. 637. 596. 582. 560. 527. 496.
    518. 440. 404. 381. 389. 428. 404. 422. 396. 357. 343. 301. 260.
    262. 284. 234. 203. 188. 193. 198. 196. 149. 161. 172. 189. 167.
    167. 140. 159. 168. 169. 161. 160. 164. 188. 191. 174. 162. 164.
    164. 173. 178. 180. 146. 158. 177. 133. 142. 81. 87. 86. 78. 64. 51.
    46. 61. 48. 44. 30. 35. 27. 24. 25. 185.</data></Color1_R>
